SAMPNO	PERNO	PLANO	LOCATION_TYPE	LOCATION_ID	MODE	TRIPDUR	ACTDUR
8001305	1	1	Work	21	3	35	184
8001305	1	2	Other	41	3	3	49
8001305	1	3	Work	21	3	3	306
8001305	1	4	Home	11	3	36	48
8001305	1	5	Other	41	3	33	115
8001305	1	6	Home	11	3	30	155
8002934	1	1	Work	21	3	24	575
8002934	1	2	Other	41	3	20	365
8003673	1	1	Other	41	3	8	83
8003673	1	2	Other	41	3	7	22
8003673	1	3	Other	41	3	1	84
8003673	1	4	Home	11	3	2	527
8005348	2	1	Other	42	3	2	25
8005348	2	2	Other	42	3	5	81
8005348	2	3	Other	42	3	6	1
8005348	2	4	Other	42	3	1	70
8005348	2	5	Other	42	3	15	4
8005348	2	6	Other	42	3	6	516
8005727	1	1	Work	21	3	11	959
8005740	2	1	Other	42	3	15	909
8005784	3	1	Home	13	3	23	742
8005784	3	2	Other	43	3	24	298
8006177	1	1	Other	41	3	8	51
8006177	1	2	Other	41	3	3	3
8006177	1	3	Home	11	3	7	73
8006177	1	4	Other	41	3	23	219
8006177	1	5	Other	41	3	3	29
8006177	1	6	Other	41	3	3	295
8006177	1	7	Home	11	3	26	406
8006177	2	1	Other	42	3	7	24
8006177	2	2	Other	42	3	3	11
8006177	2	3	Home	12	3	8	708
8007267	1	1	Other	41	3	17	7
8007267	1	2	Home	11	3	18	51
8007267	1	3	Work	21	3	8	81
8007267	1	4	Other	41	3	9	139
8007267	1	5	Home	11	3	5	177
8007643	2	1	Home	12	1	3	5
8007643	2	2	Other	42	5	19	414
8007643	2	3	Other	42	5	13	415
8008430	1	1	Other	41	3	15	438
8008430	1	2	Home	11	3	36	415
8008430	2	1	Other	42	3	2	5
8008430	2	2	Other	42	3	8	11
8008430	2	3	Other	42	3	4	410
8008430	2	4	Other	42	3	2	3
8008430	2	5	Home	12	3	17	537
8009638	1	1	Other	41	1	0	4
8009638	1	2	Other	41	1	0	384
8009638	1	3	Other	41	1	2	14
8009638	1	4	Work	21	3	0	54
8009638	1	5	Other	41	1	0	192
8009638	1	6	Other	41	1	0	3
8009638	1	7	Work	21	1	0	98
8011275	1	1	Other	41	3	2	5
8011275	1	2	Other	41	3	25	203
8011275	1	3	Other	41	3	22	9
8011275	1	4	Home	11	3	11	504
8011306	1	1	Other	41	1	0	18
8011306	1	2	Other	41	1	0	121
8011306	1	3	Other	41	1	0	5
8011306	1	4	Other	41	1	0	25
8011306	1	5	Other	41	1	0	122
8011306	1	6	Other	41	1	0	610
8011306	2	1	Home	12	1	0	3
8011306	2	2	Other	42	1	0	10
8011306	2	3	Other	42	1	0	4
8011306	2	4	Other	42	1	0	467
8011306	2	5	Other	42	1	0	7
8011306	2	6	Other	42	1	0	467
8011375	1	1	Home	11	3	1	1027
8011995	1	1	Other	41	3	28	290
8012302	1	1	Work	21	3	21	522
8012302	1	2	Home	11	3	18	241
8012391	1	1	Other	41	3	3	1
8012391	1	2	Other	41	3	19	30
8012391	1	3	Other	41	3	10	2
8012391	1	4	Other	41	3	75	4
8012391	1	5	Other	41	3	0	15
8012391	1	6	Other	41	3	3	98
8012391	1	7	Other	41	3	10	587
8012391	1	8	Other	41	3	10	1434
8012461	1	1	Other	41	3	40	3
8012461	1	2	Other	41	3	4	3
8012461	1	3	Home	11	3	2	251
8012461	1	4	Other	41	3	15	34
8012461	1	5	Home	11	3	9	429
8012461	2	1	Other	42	3	69	0
8012461	2	2	Other	42	3	7	43
8012461	2	3	Other	42	3	40	3
8012461	2	4	Other	42	3	4	3
8012461	2	5	Home	12	3	2	23
8012461	2	6	Other	42	3	4	335
8012461	2	7	Home	12	3	5	36
8012461	2	8	Other	42	3	2	142
8012461	2	9	Home	12	3	2	189
8014074	1	1	Home	11	3	10	852
8014074	1	2	Home	11	3	2	4
8014074	1	3	Other	41	3	2	7
8014074	1	4	Other	41	3	1	6
8014074	1	5	Other	41	3	2	4
8014074	1	6	Other	41	3	4	3
8014074	1	7	Other	41	1	2	26
8014074	1	8	Work	21	1	3	63
8014074	1	9	Work	21	1	2	9
8014074	1	10	Other	41	5	46	3
8014074	1	11	Home	11	3	8	629
8014074	2	1	Other	42	3	10	2
8014074	2	2	Other	42	2	10	6
8014074	2	3	Other	42	1	8	1
8014074	2	4	Other	42	2	6	35
8014074	2	5	Other	42	3	11	11
8014074	2	6	Home	12	3	10	35
8014074	2	7	Home	12	3	0	23
8014074	2	8	Other	42	2	7	15
8014074	2	9	Other	42	2	2	1
8014074	2	10	Home	12	2	5	630
8017992	1	1	Other	41	5	14	0
8017992	1	2	Work	21	1	10	519
8017992	1	3	Other	41	1	2	1
8017992	1	4	Other	41	1	5	4
8017992	1	5	Home	11	5	15	0
8017992	1	6	Home	11	1	3	377
8019367	1	1	Other	41	3	5	28
8019367	1	2	Other	41	1	0	131
8019367	1	3	Other	41	3	12	34
8019367	1	4	Home	11	3	25	230
8019367	2	1	Other	42	3	3	191
8019367	2	2	Other	42	3	10	34
8019367	2	3	Other	42	3	15	4
8019367	2	4	Home	12	1	0	34
8019367	2	5	Other	42	1	6	12
8019367	2	6	Other	42	3	2	1
8019367	2	7	Home	12	3	5	176
8019628	1	1	Other	41	3	5	16
8019628	1	2	Other	41	3	14	1
8019628	1	3	Work	21	3	3	523
8019628	1	4	Other	41	3	17	25
8019628	1	5	Home	11	3	13	338
8020688	1	1	Other	41	3	15	12
8020688	1	2	Other	41	1	0	1
8020688	1	3	Home	11	3	5	349
8020688	2	1	Other	42	4	15	737
8020828	1	1	Other	41	3	15	909
8023033	1	1	Other	41	3	35	33
8023033	1	2	Work	21	3	16	313
8023033	1	3	Work	21	3	15	163
8023033	1	4	Home	11	3	5	413
8027862	1	1	Home	11	1	15	186
8027862	1	2	Home	11	1	2	5
8027862	1	3	Home	11	1	0	5
8027862	1	4	Home	11	1	0	328
8027862	1	5	Home	11	1	0	15
8027862	1	6	Home	11	1	1	1
8027862	1	7	Home	11	1	3	9
8027862	1	8	Other	41	1	1	1
8027862	1	9	Other	41	1	0	6
8027862	1	10	Home	11	1	0	40
8027862	1	11	Home	11	1	0	8
8027862	1	12	Other	41	1	0	1
8027862	1	13	Other	41	1	0	7
8027862	1	14	Home	11	1	0	321
8030219	2	1	Work	22	1	15	392
8030219	2	2	Other	42	1	14	162
8030219	2	3	Work	22	1	2	2
8030219	2	4	Home	12	1	11	27
8030219	2	5	Other	42	3	9	75
8030219	2	6	Other	42	3	4	1
8030219	2	7	Other	42	3	10	193
8030305	1	1	Work	21	3	21	206
8030305	1	2	Home	11	3	25	648
8030305	2	1	Other	42	3	27	35
8030305	2	2	Other	42	3	5	695
8031638	1	1	Work	21	3	30	265
8031638	1	2	Other	41	3	4	53
8031638	1	3	Work	21	3	3	216
8031638	1	4	Other	41	3	16	11
8031638	1	5	Home	11	3	29	357
8031650	4	1	School	3	3	18	2
8031650	4	2	Other	44	3	14	21
8031650	4	3	Home	14	3	6	88
8031650	4	4	Other	44	3	11	391
8032334	3	1	Other	43	3	4	120
8032408	1	1	Home	11	1	0	3
8032408	1	2	Other	41	1	0	78
8032408	1	3	Other	41	1	1	2
8032408	1	4	Other	41	1	0	23
8032408	1	5	Other	41	1	0	46
8032408	1	6	Other	41	1	2	4
8032408	1	7	Home	11	1	0	295
8032408	1	8	Other	41	1	0	2
8032408	1	9	Other	41	1	0	19
8032408	1	10	Other	41	1	1	481
8033299	1	1	Other	41	3	19	260
8033299	3	1	Other	43	3	19	260
8033472	1	1	Other	41	3	20	245
8033472	1	2	Other	41	3	22	222
8033472	1	3	Home	11	3	18	1424
8034556	2	1	Other	42	3	20	431
8034556	2	2	Other	42	3	14	21
8034556	2	3	Home	12	3	9	179985
8034556	2	4	Other	42	1	17	2
8034556	2	5	Other	42	1	1	330
8035347	2	1	Other	42	1	0	735
8036500	1	1	Other	41	3	13	22
8036500	1	2	Home	11	3	9	736
8036554	1	1	Home	11	1	0	104
8036554	1	2	Other	41	1	3	86
8036554	1	3	Other	41	1	1	341
8036554	1	4	Other	41	3	18	244
8036554	1	5	Home	11	3	15	96
8036554	2	1	Other	42	3	11	116
8036554	2	2	Home	12	1	0	181
8036554	2	3	Other	42	1	5	17
8036554	2	4	Other	42	5	9	5
8036554	2	5	Home	12	1	6	201
8036554	2	6	Other	42	3	15	248
8036554	2	7	Home	12	3	15	96
8037162	2	1	Work	22	1	3	1
8037162	2	2	Other	42	3	19	334
8037670	1	1	Other	41	1	5	1
8037670	1	2	Other	41	5	20	1
8037670	1	3	Work	21	1	2	596
8037670	1	4	Work	21	1	3	2
8037670	1	5	Other	41	5	22	1
8037670	1	6	Home	11	1	4	337
8037670	2	1	Other	42	3	2	11
8037670	2	2	Other	42	3	8	102
8037670	2	3	Home	12	3	9	306
8037670	2	4	Other	42	3	9	217
8037670	2	5	Other	42	3	7	81
8037670	2	6	Other	42	3	2	264
8040384	1	1	Other	41	3	8	3
8040384	1	2	Other	41	3	10	1
8040384	1	3	Work	21	3	4	323
8040384	1	4	Work	21	3	3	198
8040384	1	5	Other	41	3	3	8
8040384	1	6	Home	11	3	7	369
8041369	1	1	Other	41	3	13	534
8041369	1	2	Other	41	3	11	430
8041369	2	1	Work	22	3	11	217
8041369	2	2	Other	42	3	6	51
8041369	2	3	Work	22	3	6	227
8041369	2	4	Other	42	3	10	5
8041369	2	5	Other	42	3	11	78
8041369	2	6	Home	12	3	4	348
8041640	1	1	Home	11	1	0	29
8041640	1	2	Home	11	1	2	0
8041640	1	3	Home	11	1	0	567
8041640	1	4	Other	41	3	11	863
8041640	1	5	Home	11	1	1	7
8041640	1	6	Other	41	1	1	15
8041640	1	7	Other	41	1	0	603
8041640	1	8	Other	41	1	0	2
8041640	1	9	Other	41	1	0	809
8041640	1	10	Other	41	1	0	917
8041640	2	1	Other	42	1	15	3
8041640	2	2	Other	42	3	10	2
8041640	2	3	Other	42	1	0	3
8041640	2	4	Other	42	3	5	7
8041640	2	5	Home	12	3	3	338
8042926	1	1	Other	41	1	5	1
8042926	1	2	Other	41	5	11	2
8042926	1	3	Work	21	1	6	260
8042926	1	4	Other	41	1	4	5
8042926	1	5	Work	21	1	4	269
8042926	1	6	Work	21	1	2	5
8042926	1	7	Other	41	5	17	8
8042926	1	8	Home	11	1	10	15912
8042926	1	9	Other	41	1	1	241
8043090	1	1	Other	41	3	18	0
8043090	1	2	Other	41	3	7	382
8043090	1	3	Home	11	1	4	112
8043090	1	4	Other	41	1	1	7
8043090	1	5	Other	41	1	1	8
8043090	1	6	Other	41	1	6	11
8043090	1	7	Other	41	1	15	0
8043090	1	8	Other	41	3	14	17
8043090	1	9	Other	41	3	11	33
8043090	1	10	Home	11	3	12	332
8043090	2	1	Home	12	1	4	112
8043090	2	2	Other	42	1	1	7
8043090	2	3	Other	42	1	1	8
8043090	2	4	Other	42	1	6	11
8043090	2	5	Other	42	1	15	419
8044679	2	1	Other	42	3	10	614
8044679	2	2	Home	12	3	13	257
8044863	1	1	Other	41	3	1	34
8044863	1	2	Other	41	3	12	361
8046998	1	1	Other	41	3	15	271
8046998	1	2	Other	41	3	7	255
8046998	1	3	Other	41	3	15	194
8046998	1	4	Home	11	1	0	286
8048068	1	1	Other	41	3	5	0
8048068	1	2	Other	41	3	18	4
8048068	1	3	Other	41	3	6	559
8048068	1	4	Other	41	3	30	19
8048068	1	5	Other	41	3	5	7
8048068	1	6	Home	11	3	5	307
8048546	1	1	Other	41	3	14	38
8048546	1	2	Other	41	3	19	0
8048546	1	3	Other	41	3	3	84
8048546	1	4	Other	41	3	2	2
8048546	1	5	Home	11	3	15	122
8048546	1	6	Other	41	1	8	5
8048546	1	7	Home	11	1	7	190
8048546	1	8	Other	41	3	18	189
8048546	1	9	Home	11	3	13	149
8048563	1	1	Home	11	1	1	1
8048563	1	2	Other	41	3	13	9
8048563	1	3	Other	41	3	6	26
8048563	1	4	Other	41	3	7	14
8048563	1	5	Other	41	3	16	57
8048563	1	6	Home	11	3	15	385
8048592	1	1	Other	41	3	5	16
8048592	1	2	Home	11	3	5	136
8048592	1	3	Other	41	3	5	63
8048592	1	4	Other	41	3	5	0
8048592	1	5	Other	41	3	14	165
8048592	1	6	Other	41	3	15	2
8048592	1	7	Home	11	3	3	102
8048592	2	1	Other	42	3	15	12
8048592	2	2	Other	42	3	15	274
8048592	2	3	Home	12	3	15	73
8048592	2	4	Other	42	3	5	19
8048592	2	5	Home	12	3	3	136
8048592	2	6	Other	42	3	5	60
8048592	2	7	Home	12	1	19	291
8049231	1	1	Other	41	3	16	23
8049231	1	2	Home	11	3	4	160
8049231	1	3	Other	41	3	18	35
8049231	1	4	Other	41	3	7	2
8049231	1	5	Other	41	3	2	12
8049231	1	6	Home	11	3	13	598
8049458	1	1	Work	21	3	27	616
8049458	1	2	Home	11	3	25	399
8049623	1	1	Work	21	2	7	176
8049623	1	2	Work	21	1	6	95
8049623	1	3	Work	21	2	10	2
8049623	1	4	Other	41	2	15	205
8049623	1	5	Other	41	2	13	85
8049623	1	6	Home	11	2	11	279
8050475	1	1	Other	41	1	10	2
8050475	1	2	Home	11	1	9	22
8050475	1	3	Work	21	3	26	1114
8051578	1	1	Other	41	3	9	2
8051578	1	2	Other	41	3	4	921
8054746	1	1	Other	41	3	8	37
8054746	1	2	Work	21	3	9	856
8055191	2	1	Other	42	1	9	481
8055611	1	1	Other	41	3	7	4
8055611	1	2	Work	21	1	10	620
8055611	1	3	Other	41	1	7	0
8055611	1	4	Other	41	3	17	319
8056728	1	1	Other	41	3	14	584
8056728	1	2	Home	11	3	15	400
8057116	2	1	Work	22	3	10	92
8057116	2	2	Other	42	1	5	3
8057116	2	3	Other	42	1	0	6
8057116	2	4	Other	42	1	1	11
8057116	2	5	Other	42	1	0	4
8057116	2	6	Other	42	1	3	2
8057116	2	7	Other	42	1	0	5
8057116	2	8	Other	42	1	3	3
8057116	2	9	Other	42	1	0	4
8057116	2	10	Other	42	1	0	7
8057116	2	11	Other	42	1	1	3
8057116	2	12	Other	42	1	5	45
8057116	2	13	Work	22	3	0	614
8057744	1	1	Other	41	3	5	6
8057744	1	2	Other	41	3	16	277
8057744	1	3	Other	41	3	2	4
8057744	1	4	Home	11	3	2	120
8057744	1	5	Other	41	3	8	8
8057744	1	6	Other	41	3	15	56
8057744	1	7	Other	41	3	15	432
8057744	2	1	Other	42	3	6	5
8057744	2	2	Other	42	3	15	42
8057744	2	3	Home	12	3	12	5
8057744	2	4	Other	42	3	8	106
8057744	2	5	Home	12	3	4	519
8057744	2	6	Home	12	3	10	234
8058228	3	1	Other	43	1	12	4
8058228	3	2	Other	43	1	0	413
8058228	3	3	Home	13	1	15	508
8060215	1	1	Other	41	3	6	574
8060215	1	2	Home	11	3	18	382
8062428	1	1	Other	41	3	11	1
8062428	1	2	Other	41	1	0	58
8062428	1	3	Home	11	3	12	286
8062428	1	4	Other	41	3	3	8
8062428	1	5	Other	41	3	1	438
8062428	1	6	Other	41	3	4	91
8062428	1	7	Other	41	1	0	17
8062428	1	8	Home	11	1	1	209
8062617	1	1	Other	41	3	8	0
8062617	1	2	Other	41	3	2	5
8062617	1	3	Other	41	3	6	154
8062617	1	4	Home	11	3	12	674
8062617	2	1	Home	12	1	0	27
8062617	2	2	Other	42	1	15	314
8064352	1	1	Work	21	3	5	580
8064352	1	2	Other	41	3	4	14
8064352	1	3	Home	11	3	3	350
8064645	1	1	Home	11	1	1	3
8064645	1	2	Other	41	1	0	1
8064645	1	3	Other	41	3	12	0
8064645	1	4	Other	41	3	17	27
8064645	1	5	Other	41	1	0	430
8064668	1	1	Other	41	3	13	4
8064668	1	2	Other	41	3	7	223
8064668	1	3	Other	41	3	19	46
8064668	1	4	Other	41	3	17	41
8064668	1	5	Home	11	3	9	162
8064668	1	6	Home	11	3	9	14
8064668	1	7	Other	41	3	5	0
8064668	1	8	Other	41	3	5	6
8064668	1	9	Other	41	3	10	10
8064668	1	10	Other	41	1	1	33
8064668	1	11	Other	41	3	5	137
8064668	1	12	Home	11	3	8	169
8066287	2	1	Other	42	3	51	303
8066287	2	2	Other	42	3	3	1
8066287	2	3	Other	42	3	38	1436
8068293	1	1	Other	41	3	5	3
8068293	1	2	Home	11	3	5	403
8069947	1	1	Work	21	3	17	21
8069947	1	2	Other	41	3	9	136
8069947	1	3	Other	41	3	9	33
8069947	1	4	Other	41	3	4	4
8069947	1	5	Home	11	3	9	325
8069947	1	6	Work	21	3	13	86
8069947	1	7	Home	11	3	12	243
8070047	1	1	Other	41	3	3	10
8070047	1	2	Other	41	3	5	93
8070047	1	3	Other	41	1	0	6
8070047	1	4	Work	21	1	0	392
8070047	1	5	Other	41	3	9	20
8070047	1	6	Home	11	3	10	476
8072642	1	1	Home	11	1	6	23
8072642	1	2	Work	21	1	1	528
8072642	1	3	Other	41	3	5	16
8072642	1	4	Other	41	3	15	1
8072642	1	5	Home	11	1	11	9696
8072642	1	6	Other	41	3	15	81
8072642	1	7	Other	41	3	6	5
8072642	1	8	Other	41	3	4	131
8072642	1	9	Home	11	1	1	3
8072642	1	10	Other	41	1	1	6
8072642	1	11	Other	41	1	0	5
8072642	1	12	Other	41	3	13	138
8072642	1	13	Other	41	3	3	4
8072642	1	14	Other	41	3	8	48
8073130	1	1	Other	41	1	8	41
8073130	1	2	Other	41	1	3	2
8073130	1	3	Home	11	1	1	17
8073130	1	4	Other	41	3	8	13
8073130	1	5	Other	41	1	3	21
8073130	1	6	Other	41	1	3	1
8073130	1	7	Work	21	3	3	241
8073130	1	8	Other	41	1	5	74
8073130	1	9	Work	21	1	6	72
8073130	1	10	Home	11	3	7	122
8074314	1	1	Other	41	3	12	14
8074314	1	2	Home	11	3	22	9
8074314	1	3	Other	41	3	11	319
8074718	1	1	Other	41	1	14	34
8074718	1	2	Other	41	3	0	14
8074718	1	3	Home	11	1	0	117
8074718	1	4	Home	11	1	7	48
8074718	1	5	Other	41	1	7	55
8074718	1	6	Home	11	1	7	20
8074718	1	7	Other	41	3	7	181
8074718	1	8	Other	41	3	10	90
8075094	1	1	Work	21	3	8	1087
8075736	1	1	Other	41	3	2	1
8075736	1	2	Other	41	3	10	22
8075736	1	3	Other	41	3	9	166
8075736	1	4	Other	41	3	11	0
8075736	1	5	Other	41	3	4	87
8075736	1	6	Home	11	3	8	285
8075736	1	7	Other	41	3	11	78
8075736	1	8	Home	11	3	11	230
8076108	1	1	Home	11	3	16	708
8076108	2	1	Work	22	3	35	536
8076108	2	2	Home	12	3	44	403
8076516	1	1	Other	41	1	17	78
8076516	1	2	Home	11	1	9	242
8076516	1	3	Other	41	3	12	74
8076516	1	4	Home	11	3	11	356
8076516	2	1	Home	12	3	11	477
8077107	1	1	Other	41	3	14	52
8077107	1	2	Other	41	3	15	222
8077107	1	3	Other	41	3	6	42
8077107	1	4	Work	21	3	6	257
8077107	1	5	Other	41	3	15	406
8077176	1	1	Other	41	5	26	0
8077176	1	2	Other	41	3	33	307
8077983	1	1	Other	41	3	6	31
8077983	1	2	Other	41	3	4	104
8077983	1	3	Other	41	1	2	12
8077983	1	4	Home	11	3	4	576
8078235	2	1	Other	42	3	12	7
8078235	2	2	Other	42	3	7	7
8078235	2	3	Other	42	3	5	4
8078235	2	4	Other	42	3	10	45
8078235	2	5	Home	12	3	8	388
8078235	2	6	Other	42	3	3	5
8078235	2	7	Home	12	3	4	378
8078290	1	1	Other	41	3	8	51
8078290	1	2	Other	41	3	6	35
8078290	1	3	Work	21	1	1	127
8078290	1	4	Work	21	1	1	2
8078290	1	5	Work	21	1	2	152
8078290	1	6	Other	41	5	21	599
8078290	2	1	Work	22	3	12	461
8078290	2	2	Home	12	3	13	864
8078290	2	3	Work	22	3	16	192
8078290	2	4	Other	42	3	17	64
8078290	2	5	Work	22	3	18	261
8078290	2	6	Home	12	3	17	328
8078302	1	1	Other	41	3	7	2
8078302	1	2	Home	11	3	4	88
8078302	1	3	Other	41	3	9	261
8078302	1	4	Other	41	1	9	14
8078302	1	5	Other	41	1	7	23
8078302	1	6	Work	21	1	4	257
8078302	1	7	Other	41	1	4	42
8078302	1	8	Other	41	3	4	15
8078302	1	9	Home	11	3	8	320
8078400	1	1	Other	41	1	3	6
8078400	1	2	Other	41	1	3	296
8078400	1	3	Other	41	5	10	0
8078400	1	4	Other	41	1	2	0
8078400	1	5	Home	11	3	4	359
8078513	1	1	Other	41	5	11	0
8078513	1	2	Home	11	3	13	496
8078521	1	1	Other	41	1	2	4
8078521	1	2	Other	41	1	0	3
8078521	1	3	Other	41	1	1	2
8078521	1	4	Other	41	1	13	2
8078521	1	5	Other	41	1	3	2
8078521	1	6	Other	41	1	12	5
8078521	1	7	Other	41	1	1	416
8078895	1	1	Other	41	3	15	499
8078895	2	1	Other	42	3	9	2
8078895	2	2	Home	12	3	7	495
8078946	2	1	Other	42	5	50	3
8078946	2	2	Other	42	5	4	276
8078946	2	3	Other	42	1	3	13
8078946	2	4	Other	42	5	53	5
8078946	2	5	Home	12	3	6	98
8078946	2	6	Other	42	3	6	2
8078946	2	7	Home	12	3	10	258
8078946	2	8	Home	12	3	10	158
8079027	1	1	Other	41	1	5	2
8079027	1	2	Other	41	1	9	1424
8079027	1	3	Other	41	1	5	3
8079027	1	4	Other	41	5	8	0
8079027	1	5	Work	21	1	4	583
8079027	1	6	Other	41	1	4	1
8079027	1	7	Other	41	5	8	1
8079027	1	8	Other	41	1	6	1
8079027	1	9	Home	11	3	27	767
8079027	1	10	Other	41	3	21	2066
8079027	1	11	Home	11	3	29	494
8079032	1	1	Other	41	3	2	54
8079032	1	2	Work	21	3	5	939
8079032	2	1	Other	42	3	12	976
8079071	1	1	Other	41	5	11	0
8079071	1	2	Other	41	1	1	4
8079071	1	3	Home	11	3	7	660
8079119	1	1	Home	11	3	35	438
8079423	1	1	Other	41	1	9	3
8079423	1	2	Other	41	1	0	2
8079423	1	3	Other	41	1	1	5
8079423	1	4	Other	41	1	0	4
8079423	1	5	Home	11	3	23	400
8079423	2	1	Home	12	1	2	2856
8079423	2	2	Other	42	1	0	241
8079423	2	3	Home	12	1	0	692
8079423	2	4	Other	42	3	20	115795
8079423	2	5	Home	12	1	0	316
8079472	1	1	Other	41	3	12	800
8079472	1	2	Other	41	3	8	301
8079556	1	1	Home	11	3	25	58
8079556	1	2	Other	41	3	3	24
8079556	1	3	Other	41	3	7	350
8079556	2	1	Other	42	3	4	0
8079556	2	2	Home	12	3	3	349
8079556	2	3	Other	42	3	4	34
8079556	2	4	Other	42	3	3	2
8079556	2	5	Other	42	3	4	6
8079556	2	6	Home	12	3	4	87
8079556	2	7	Other	42	3	5	12
8079556	2	8	Home	12	3	6	462
8080061	1	1	Other	41	1	14	37
8080061	1	2	Home	11	1	10	2
8080061	1	3	Home	11	1	6	2
8080061	1	4	Home	11	1	4	308
8080061	2	1	Home	12	1	0	64
8080061	2	2	Home	12	1	1	4
8080061	2	3	Work	22	3	5	851
8080395	2	1	Other	42	3	15	8
8080395	2	2	Other	42	1	0	72
8080395	2	3	Home	12	3	19	500
8080990	3	1	Other	43	3	5	2
8080990	3	2	Other	43	3	10	983
8081724	2	1	Other	42	1	1	5
8081724	2	2	Other	42	1	0	21
8081724	2	3	Other	42	3	8	14
8081724	2	4	Other	42	1	0	1
8081724	2	5	Other	42	1	1	3
8081724	2	6	Other	42	3	11	5
8081724	2	7	Other	42	3	109	9
8081724	2	8	Other	42	3	3	16
8081724	2	9	Home	12	1	0	643
8084836	2	1	Home	12	1	0	2
8084836	2	2	Home	12	1	0	2
8084836	2	3	Other	42	3	5	2
8084836	2	4	Other	42	3	3	329
8084836	2	5	Other	42	3	10	22
8084836	2	6	Work	22	3	16	186
8084836	2	7	Home	12	3	30	384
8084982	1	1	Home	11	1	5	214
8084982	1	2	Home	11	1	3	0
8084982	1	3	Other	41	1	2	4
8084982	1	4	Home	11	1	3	171
8084982	1	5	Other	41	3	15	44
8084982	1	6	Other	41	3	11	5
8084982	1	7	Home	11	3	4	372
8086112	2	1	Other	42	3	11	1
8086112	2	2	Home	12	3	10	385
8086112	2	3	Other	42	3	11	0
8086112	2	4	Work	22	3	7	520
8086125	1	1	Work	21	1	7	368
8086125	1	2	Work	21	1	3	0
8086125	1	3	Work	21	1	2	128
8086125	1	4	Home	11	1	7	434
8086746	1	1	Other	41	3	15	7
8086746	1	2	Other	41	3	0	463
8086746	1	3	Other	41	1	5	4
8086746	1	4	Other	41	3	6	9
8086746	1	5	Other	41	1	0	2
8086746	1	6	Other	41	3	18	197
8086746	1	7	Other	41	3	15	4
8086746	1	8	Home	11	1	1	157
8087237	1	1	Other	41	3	3	81
8087237	1	2	Home	11	3	3	150
8087237	1	3	Other	41	3	17	140
8087237	1	4	Other	41	3	10	70
8087237	1	5	Other	41	3	3	1
8087237	1	6	Other	41	3	11	108
8087237	1	7	Home	11	3	21	531
8087958	1	1	Home	11	1	0	550
8087958	1	2	Home	11	3	5	2
8087958	1	3	Other	41	3	7	84
8087958	1	4	Other	41	3	8	14
8087958	1	5	Other	41	3	3	1
8087958	1	6	Other	41	3	12	380
8087958	1	7	Other	41	3	9	31
8087958	1	8	Other	41	3	10	11
8087958	1	9	Other	41	3	2	1
8087958	1	10	Home	11	3	16	496
8088042	1	1	Other	41	1	1	29
8088042	1	2	Other	41	1	0	79
8088042	1	3	Home	11	3	7	338
8088042	2	1	Other	42	3	3	90
8088042	2	2	Work	22	3	3	365
8088042	2	3	Home	12	3	16	269
8088977	1	1	Other	41	1	6	0
8088977	1	2	Other	41	1	14	1
8088977	1	3	Other	41	1	1	2
8088977	1	4	Other	41	1	3	835
8089004	1	1	Other	41	3	4	13
8089004	1	2	Other	41	3	17	76
8089004	1	3	Home	11	3	13	70
8089004	1	4	Other	41	3	2	72
8089004	1	5	Other	41	3	19	2
8089004	1	6	Other	41	1	3	1
8089004	1	7	Other	41	3	8	580
8089004	2	1	Other	42	1	0	900
8090168	1	1	Other	41	1	0	7
8090168	1	2	Other	41	1	0	18
8090168	1	3	Other	41	1	0	12
8090168	1	4	Other	41	1	1	51
8090168	1	5	Other	41	1	0	76
8090168	1	6	Other	41	1	0	156
8090711	1	1	Other	41	1	0	24
8090711	1	2	Other	41	1	1	45
8090711	1	3	Other	41	1	0	50
8090711	1	4	Other	41	1	1	14
8090711	1	5	Other	41	1	1	466
8092628	1	1	Work	21	3	8	262
8092628	1	2	Other	41	3	9	24
8092628	1	3	Other	41	3	13	544
8093102	2	1	Other	42	2	42	1
8093102	2	2	Other	42	2	11	489
8093131	1	1	Other	41	3	3	14
8093131	1	2	Other	41	1	1	8
8093131	1	3	Home	11	3	4	413
8094882	1	1	Other	41	3	20	3
8094882	1	2	Work	21	3	5	508
8094882	1	3	Other	41	3	8	17
8094882	1	4	Home	11	3	24	462
8094882	4	1	Other	44	3	24	197
8095229	1	1	Other	41	3	20	26
8095229	1	2	Work	21	3	11	828
8095232	1	1	Work	21	3	6	49
8095232	1	2	Other	41	3	4	1
8095232	1	3	Work	21	3	8	136
8095232	1	4	Other	41	3	10	2
8095232	1	5	Work	21	3	9	120
8095232	1	6	Home	11	3	6	19
8095232	1	7	Work	21	3	7	74
8095232	1	8	Other	41	3	1	2
8095232	1	9	Other	41	3	3	11
8095232	1	10	Home	11	3	10	554
8095260	1	1	Home	11	3	11	342
8095260	2	1	Other	42	3	10	18
8095260	2	2	Home	12	3	5	464
8095872	2	1	Other	42	1	0	6
8095872	2	2	Home	12	1	0	9
8095872	2	3	Other	42	1	0	4
8095872	2	4	Other	42	1	0	19
8095872	2	5	Other	42	1	0	484
8095872	2	6	Other	42	1	1	14
8095872	2	7	Other	42	1	0	14
8095872	2	8	Home	12	3	5	404
8096922	1	1	Work	21	3	4	290
8096922	1	2	Home	11	3	3	49
8096922	1	3	Work	21	3	4	288
8096922	1	4	Home	11	3	5	74
8096922	1	5	Other	41	3	16	38
8096922	1	6	Other	41	1	0	2
8096922	1	7	Home	11	3	17	207
8098484	2	1	Other	42	1	0	18
8098484	2	2	Other	42	1	3	4
8098484	2	3	Other	42	1	1	5
8098484	2	4	Other	42	1	0	6
8098484	2	5	Other	42	1	0	9
8098484	2	6	Other	42	1	1	3
8098484	2	7	Other	42	1	3	10
8098484	2	8	Other	42	1	1	12
8098484	2	9	Other	42	1	1	5
8098484	2	10	Other	42	1	1	12
8098484	2	11	Other	42	1	1	15
8098484	2	12	Other	42	1	0	2
8098484	2	13	Other	42	1	0	126
8098484	2	14	Other	42	1	0	10
8098484	2	15	Other	42	3	6	8
8098484	2	16	Other	42	3	15	8
8098484	2	17	Home	12	1	1	14
8098484	2	18	Home	12	1	1	8
8098484	2	19	Home	12	1	1	3
8098484	2	20	Home	12	1	0	8
8098484	2	21	Home	12	1	1	4
8098484	2	22	Home	12	1	0	39
8098862	1	1	Other	41	1	9	0
8098862	1	2	Other	41	5	12	0
8098862	1	3	Other	41	1	0	6
8098862	1	4	Other	41	5	7	4
8098862	1	5	Other	41	1	0	2
8098862	1	6	Other	41	1	0	4
8098862	1	7	Work	21	5	3	598
8098862	1	8	Home	11	3	28	359
8098862	2	1	Other	42	3	15	652
8098862	2	2	Other	42	3	8	0
8098862	2	3	Home	12	3	19	359
8099023	1	1	Home	11	3	40	448
8099863	1	1	Other	41	1	0	688
8099863	1	2	Home	11	3	4	269
8100098	1	1	Other	41	1	13	5
8100098	1	2	Other	41	1	0	4
8100098	1	3	Other	41	1	1	395
8100098	2	1	Other	42	1	12	6
8100098	2	2	Work	22	1	7	232
8100098	2	3	Other	42	1	8	1014
8100098	2	4	Work	22	1	15	134
8100098	2	5	Work	22	1	17	239
8100098	2	6	Other	42	1	14	2
8100098	2	7	Work	22	1	12	1292
8100098	2	8	Other	42	1	17	8282
8100098	2	9	Home	12	1	17	38
8100098	2	10	Work	22	1	15	139
8100098	2	11	Other	42	1	18	2
8100098	2	12	Work	22	1	9	416
8100098	2	13	Other	42	1	13	59
8100098	2	14	Other	42	1	17	5062
8100098	2	15	Work	22	1	16	131
8100098	2	16	Other	42	1	13	4
8100098	2	17	Work	22	1	14	1283
8100098	2	18	Work	22	1	15	494
8100098	2	19	Other	42	1	16	2322
8100098	2	20	Work	22	1	15	3
8100098	2	21	Work	22	1	0	1387
8100098	2	22	Work	22	1	15	3217
8100098	2	23	Other	42	1	15	45
8100098	2	24	Other	42	1	0	1076
8100098	2	25	Other	42	1	0	10071
8100098	2	26	Work	22	1	18	4290
8100098	2	27	Other	42	1	13	44
8100098	2	28	Other	42	1	30	2
8100098	2	29	Other	42	1	0	1368
8100098	2	30	Other	42	1	0	4
8100098	2	31	Other	42	1	3	4
8100098	2	32	Work	22	1	5	4298
8100098	2	33	Work	22	1	17	942
8100392	1	1	Other	41	3	15	9
8100392	1	2	Home	11	1	0	87
8100392	1	3	Other	41	3	8	78
8100392	1	4	Home	11	3	8	346
8101097	1	1	Work	21	3	36	573
8101097	1	2	Home	11	3	27	1
8101097	1	3	Home	11	3	2	323
8101142	1	1	Work	21	3	22	192
8101142	1	2	Other	41	3	10	2
8101142	1	3	Other	41	3	9	11
8101142	1	4	Work	21	3	18	70
8101142	1	5	Other	41	3	9	12
8101142	1	6	Home	11	3	22	540
8101946	1	1	Home	11	1	0	3
8101946	1	2	Home	11	1	2	8
8101946	1	3	Other	41	1	2	2
8101946	1	4	Other	41	3	17	4
8101946	1	5	Other	41	1	1	16
8101946	1	6	Other	41	3	12	74
8101946	1	7	Other	41	1	3	143
8101946	1	8	Other	41	3	12	7
8101946	1	9	Other	41	1	1	3
8101946	1	10	Other	41	1	0	4
8101946	1	11	Other	41	3	6	108
8102166	1	1	Other	41	3	15	541
8102166	1	2	Other	41	1	3	385
8103024	2	1	Other	42	3	6	3
8103024	2	2	Other	42	1	0	4
8103024	2	3	Other	42	1	0	5
8103024	2	4	Other	42	3	3	6
8103024	2	5	Other	42	3	1	26
8103024	2	6	Other	42	3	3	6
8103024	2	7	Home	12	1	0	63
8103024	2	8	Home	12	1	0	14
8103024	2	9	Other	42	1	1	16
8103024	2	10	Other	42	1	0	4
8103024	2	11	Other	42	1	1	7
8103024	2	12	Other	42	1	0	2
8103024	2	13	Other	42	1	0	23
8103024	2	14	Home	12	1	0	36
8103024	2	15	Other	42	3	4	42
8103024	2	16	Home	12	3	4	393
8103145	1	1	Other	41	1	6	1
8103145	1	2	Work	21	5	7	1
8103145	1	3	Work	21	1	0	226
8103145	1	4	Other	41	5	3	1
8103145	1	5	Other	41	1	2	46
8103145	1	6	Other	41	1	2	2
8103145	1	7	Work	21	5	5	0
8103145	1	8	Work	21	1	1	238
8103145	1	9	Other	41	5	8	0
8103145	1	10	Home	11	1	6	213
8103145	1	11	Home	11	1	4	27
8103145	1	12	Home	11	1	4	127
8103366	1	1	Other	41	3	12	45
8103366	1	2	Other	41	3	15	86
8103366	1	3	Home	11	3	6	100
8103366	1	4	Other	41	3	7	124
8103366	1	5	Home	11	3	6	16
8103366	1	6	Home	11	1	6	137
8103452	1	1	Work	21	1	15	432
8103452	1	2	Other	41	1	13	16
8103452	1	3	Work	21	1	13	408
8103452	2	1	Work	22	3	16	360
8103452	2	2	Other	42	1	0	3
8103452	2	3	Other	42	1	6	1
8103452	2	4	Other	42	1	3	2
8103452	2	5	Work	22	3	14	509
8103455	1	1	Work	21	3	7	0
8103455	1	2	Work	21	1	1	6
8103455	1	3	Work	21	1	2	81
8103455	1	4	Work	21	1	1	0
8103455	1	5	Home	11	3	6	0
8103455	1	6	Home	11	1	3	3
8103455	1	7	Home	11	1	2	18
8103455	1	8	Home	11	1	1	49
8103455	1	9	Work	21	3	7	148
8103455	1	10	Other	41	3	9	10
8103455	1	11	Home	11	3	3	69
8103455	1	12	Other	41	3	15	18
8103455	1	13	Other	41	1	0	1
8103455	1	14	Home	11	3	25	93
8103455	1	15	Other	41	1	4	5
8103455	1	16	Home	11	1	1	2
8103455	1	17	Home	11	1	2	391
8103578	1	1	Work	21	3	10	14
8103578	1	2	Other	41	3	15	6
8103578	1	3	Other	41	1	1	91
8103578	1	4	Other	41	3	7	39
8103578	1	5	Other	41	3	12	38
8103578	1	6	Other	41	3	3	14
8103578	1	7	Other	41	3	4	0
8103578	1	8	Other	41	3	3	40
8103578	1	9	Work	21	3	11	203
8103578	1	10	Home	11	3	15	433
8103634	1	1	Other	41	1	0	6
8103634	1	2	Other	41	1	0	16
8103634	1	3	Other	41	1	0	22
8103634	1	4	Work	21	1	1	4
8103634	1	5	Work	21	1	0	492
8103634	1	6	Other	41	1	0	405
8103809	2	1	Work	22	3	15	502
8103809	2	2	Home	12	3	15	417
8104754	1	1	Other	41	3	4	9
8104754	1	2	Other	41	3	6	569
8104754	1	3	Home	11	3	8	18
8104754	1	4	Other	41	3	3	53
8104754	1	5	Home	11	3	4	390
8106206	1	1	Work	21	3	15	495
8106206	1	2	Home	11	3	13	15088
8106206	1	3	Home	11	1	0	67
8106206	1	4	Other	41	1	0	668
8106609	1	1	Other	41	1	2	44
8106609	1	2	Other	41	1	0	2
8106609	1	3	Other	41	1	0	5
8106609	1	4	Other	41	1	0	14
8106609	1	5	Other	41	1	1	482
8106609	1	6	Other	41	1	0	8
8106609	1	7	Other	41	1	0	395
8107091	2	1	Other	42	3	9	7
8107091	2	2	Home	12	3	8	98
8107091	2	3	Other	42	3	24	234
8107091	2	4	School	3	3	3	14
8107091	2	5	Home	12	3	16	141
8107868	2	1	Home	12	1	6	33
8107868	2	2	Other	42	3	16	12
8107868	2	3	Other	42	3	2	331
8107868	2	4	Other	42	1	5	2
8107868	2	5	Other	42	1	3	620
8107945	1	1	Other	41	1	4	22
8107945	1	2	Other	41	1	2	637
8107965	1	1	Other	41	3	6	103
8107965	1	2	Other	41	1	0	154
8107965	1	3	Other	41	1	1	593
8107968	1	1	Other	41	3	0	513
8108397	1	1	Other	41	3	5	10
8108397	1	2	Work	21	3	8	44
8108397	1	3	Other	41	3	3	50
8108397	1	4	Work	21	3	1	49
8108397	1	5	Other	41	3	15	82
8108397	1	6	Work	21	3	14	168
8108397	1	7	Home	11	3	12	146
8108397	1	8	Other	41	3	22	98
8108397	1	9	Home	11	3	16	162
8108397	2	1	Other	42	3	10	489
8108397	2	2	Home	12	3	8	203
8108397	2	3	Other	42	3	22	98
8108397	2	4	Home	12	3	16	162
8109244	1	1	Work	21	3	20	609
8109244	1	2	Other	41	1	0	23
8109244	1	3	Other	41	3	12	77
8109244	1	4	Other	41	3	9	5
8109244	1	5	Home	11	3	4	335
8109699	1	1	Other	41	1	0	1111
8109988	1	1	Other	41	3	7	378
8109988	1	2	Other	41	3	5	10
8109988	1	3	Home	11	3	15	177
8109988	1	4	Other	41	3	8	290
8109988	2	1	Other	42	3	16	17
8109988	2	2	Other	42	1	5	66
8109988	2	3	Other	42	3	15	16
8109988	2	4	Home	12	1	0	16
8109988	2	5	Other	42	3	4	10
8109988	2	6	Other	42	1	0	33
8109988	2	7	Other	42	3	15	16
8109988	2	8	Other	42	1	0	48
8109988	2	9	Other	42	3	15	11
8109988	2	10	Other	42	1	0	13
8109988	2	11	Other	42	3	15	13
8109988	2	12	Other	42	1	1	599
8110155	1	1	Other	41	3	14	78
8110155	1	2	Home	11	3	4	676
8110806	1	1	Other	41	3	15	122
8110806	1	2	Other	41	3	16	9
8110806	1	3	Home	11	3	8	101
8110806	1	4	Other	41	3	8	9
8110806	1	5	Home	11	3	6	589
8111056	1	1	Other	41	3	4	4
8111056	1	2	Home	11	3	4	185
8111056	1	3	Other	41	3	4	76
8111056	1	4	Other	41	3	6	27
8111056	1	5	Home	11	3	8	318
8113249	1	1	Other	41	3	9	19
8113249	1	2	Home	11	3	4	307
8113720	1	1	Other	41	3	2	0
8113720	1	2	Other	41	3	9	0
8113720	1	3	Home	11	3	10	100
8113720	1	4	Other	41	3	3	258
8114018	1	1	Other	41	3	5	46
8114018	1	2	Home	11	3	15	5
8114018	1	3	Home	11	1	0	199
8115061	2	1	Other	42	3	13	360
8115061	2	2	Other	42	3	14	26
8115061	2	3	Other	42	3	3	0
8115061	2	4	Other	42	3	10	14
8115061	2	5	Work	22	3	10	217
8115061	2	6	Other	42	3	7	18
8115061	2	7	Home	12	3	14	356
8115175	3	1	Other	43	3	9	694
8115175	3	2	Other	43	3	4	293
8115572	1	1	Other	41	3	15	157
8115572	1	2	Other	41	3	0	66
8115572	1	3	Other	41	3	9	47
8115572	1	4	Other	41	3	8	321
8115572	1	5	Other	41	3	15	327
8115572	2	1	Other	42	3	3	21
8115572	2	2	Home	12	3	5	62
8115572	2	3	Other	42	3	3	13
8115572	2	4	Home	12	3	3	331
8115572	2	5	Other	42	3	4	3
8115572	2	6	Home	12	3	5	23
8115572	2	7	Other	42	3	12	46
8115572	2	8	Other	42	3	5	31
8115572	2	9	Home	12	3	13	350
8117167	1	1	Other	41	3	19	233
8117167	1	2	Other	41	3	10	128
8117167	1	3	Other	41	3	18	1
8117167	1	4	Other	41	3	0	3
8117167	1	5	Other	41	3	13	4
8117167	1	6	Home	11	3	5	512
8117723	2	1	Other	42	3	28	404
8118047	2	1	Other	42	3	18	7
8118047	2	2	Work	22	3	8	124
8118047	2	3	Work	22	1	11	491
8118047	2	4	Other	42	3	15	11
8118047	2	5	Home	12	1	0	377
8118383	2	1	Other	42	3	16	1010
8118417	2	1	Other	42	3	3	6
8118417	2	2	Other	42	3	4	0
8118417	2	3	Home	12	3	3	200
8118417	2	4	Work	22	3	16	644
8118417	2	5	Other	42	3	6	0
8118417	2	6	Other	42	3	7	93
8118417	2	7	Other	42	3	6	21
8118417	2	8	Home	12	1	0	1318
8118518	1	1	Work	21	3	11	380
8118518	1	2	Other	41	3	15	108
8118518	1	3	Work	21	3	22	44
8118518	1	4	Home	11	3	15	24
8118518	1	5	Other	41	3	8	5
8118518	1	6	Other	41	3	4	3
8118518	1	7	Home	11	3	7	407
8119375	1	1	Work	21	1	0	96
8119375	1	2	Other	41	3	11	1
8119375	1	3	Other	41	1	0	59
8119375	1	4	Work	21	3	8	493
8119375	1	5	Home	11	3	17	126
8120036	1	1	Work	21	4	67	616
8120036	1	2	Other	41	1	0	329
8120724	1	1	Other	41	3	13	82
8120724	1	2	Home	11	3	10	156
8120870	2	1	Other	42	3	15	21
8120870	2	2	Work	22	1	0	75
8120870	2	3	Other	42	3	19	113
8120870	2	4	Other	42	3	4	59
8120870	2	5	Work	22	3	22	598
8121403	1	1	Other	41	3	6	687
8121636	1	1	Work	21	1	4	207
8121636	1	2	Other	41	1	7	24
8121636	1	3	Other	41	1	3	705
8121636	2	1	Work	22	3	11	339
8121636	2	2	Work	22	3	7	4
8121636	2	3	Work	22	3	1	241
8121636	2	4	Home	12	3	11	4
8121636	2	5	Home	12	3	2	392
8121724	2	1	Home	12	1	1	514
8121724	2	2	Other	42	3	15	709
8121724	2	3	Other	42	3	13	55
8121724	2	4	Other	42	3	5	320
8122191	1	1	Other	41	3	4	6
8122191	1	2	Other	41	5	15	32
8122191	1	3	Work	21	1	0	640
8122191	1	4	Home	11	3	5	378
8123516	1	1	Work	21	1	4	257
8123516	1	2	Home	11	1	3	26
8123516	1	3	Work	21	1	3	14
8123516	1	4	Other	41	3	7	750
8123850	1	1	Other	41	3	3	18
8123850	1	2	Home	11	3	7	1
8123850	1	3	Other	41	3	7	158
8123850	1	4	Other	41	3	7	2
8123850	1	5	Home	11	3	3	70
8123850	1	6	Other	41	3	10	160
8123850	1	7	Home	11	3	6	437
8124799	1	1	Other	41	1	18	501
8124799	1	2	Home	11	1	0	71
8124799	1	3	Other	41	3	12	1
8124799	1	4	Other	41	3	9	87
8124799	1	5	Other	41	3	13	24
8124799	1	6	Home	11	3	13	157
8124939	1	1	Home	11	3	12	373
8125424	2	1	Home	12	3	6	150
8125487	1	1	Other	41	3	8	6
8125487	1	2	Other	41	1	4	30
8125487	1	3	Other	41	3	6	4
8125487	1	4	Other	41	3	5	15
8125487	1	5	Other	41	3	4	21
8125487	1	6	Home	11	3	12	617
8126211	1	1	Other	41	3	13	12
8126211	1	2	Work	21	3	9	803
8126226	1	1	Other	41	1	16	19
8126226	1	2	Home	11	1	3	337
8126645	1	1	Other	41	3	30	114
8126645	1	2	Other	41	3	10	27
8126645	1	3	Other	41	3	0	332
8126645	1	4	Other	41	3	15	321
8126811	1	1	Other	41	3	12	105
8126811	1	2	Other	41	3	7	3
8126811	1	3	Other	41	3	5	38
8126811	1	4	Other	41	1	0	151
8126811	1	5	Other	41	3	15	48
8126811	1	6	Home	11	1	1	114
8126811	1	7	Other	41	3	2	3
8126811	1	8	Other	41	3	16	515
8126931	2	1	Other	42	3	11	85
8126931	2	2	Other	42	3	7	25
8126931	2	3	Other	42	3	3	95
8126931	2	4	Home	12	3	15	123
8126931	2	5	Other	42	3	7	5
8126931	2	6	Other	42	3	3	7
8126931	2	7	Home	12	3	11	489
8127002	2	1	Work	22	3	26	549
8127002	2	2	Other	42	3	28	10
8127002	2	3	Home	12	3	7	12
8127002	2	4	Other	42	3	6	6
8127002	2	5	Home	12	3	8	338
8127206	1	1	Other	41	1	0	5
8127206	1	2	Other	41	1	0	35
8127206	1	3	Other	41	1	0	21
8127206	1	4	Other	41	1	2	52
8127206	1	5	Other	41	1	2	223
8127584	2	1	Other	42	3	21	169
8127584	2	2	Other	42	1	1	15
8127584	2	3	Other	42	1	0	438
8127584	2	4	Other	42	1	5	34
8127584	2	5	Other	42	1	0	425
8128715	1	1	Work	21	3	25	216
8128715	1	2	Other	41	3	9	12
8128715	1	3	Work	21	3	9	295
8128715	1	4	Other	41	3	15	18
8128715	1	5	Other	41	1	0	68
8128715	1	6	Home	11	3	4	279
8129212	1	1	Home	11	1	3	5
8129212	1	2	Work	21	5	21	81
8129212	1	3	Work	21	1	3	25
8129212	1	4	Work	21	1	2	59
8129212	1	5	Work	21	1	2	88
8129212	1	6	Work	21	1	1	3
8129212	1	7	Other	41	5	6	1
8129212	1	8	Other	41	1	3	541
8129248	2	1	Other	42	3	20	365
8129248	2	2	Work	22	3	1	3
8129248	2	3	Other	42	3	0	21
8129248	2	4	Other	42	3	0	140
8129248	2	5	Other	42	3	14	79
8129248	2	6	Other	42	3	1	5
8129248	2	7	Other	42	1	0	278
8129288	1	1	Other	41	1	69	0
8129288	1	2	Work	21	5	6	107
8129288	1	3	Other	41	1	9	378
8129288	1	4	Home	11	1	47	35
8129288	1	5	Other	41	1	15	86
8129288	1	6	Home	11	1	15	231
8129610	2	1	Work	22	1	1	580
8129610	2	2	Other	42	1	0	8
8129610	2	3	Other	42	1	0	452
8129618	1	1	Other	41	1	8	18
8129618	1	2	Home	11	1	15	51
8129618	1	3	Other	41	3	2	64
8129618	1	4	Other	41	3	3	2
8129618	1	5	Other	41	3	6	64
8129618	1	6	Other	41	3	15	693
8129618	2	1	Home	12	1	0	8
8129618	2	2	Other	42	1	0	4
8129618	2	3	Work	22	2	12	551
8129618	2	4	Other	42	2	23	4
8129618	2	5	Home	12	1	0	389
8129691	1	1	Other	41	3	13	8
8129691	1	2	Other	41	1	3	24
8129691	1	3	Other	41	1	10	243
8129691	1	4	Other	41	1	6	0
8129691	1	5	Other	41	3	5	1
8129691	1	6	Home	11	3	17	3
8129691	1	7	Home	11	1	3	53
8129691	1	8	Other	41	1	26	1
8129691	1	9	Other	41	3	8	88
8129691	1	10	Other	41	1	0	347
8129691	1	11	Home	11	1	4	1365
8130304	1	1	Work	21	3	3	133
8130304	1	2	Work	21	3	2	137
8130304	1	3	Other	41	3	4	48
8130304	1	4	Other	41	3	6	0
8130304	1	5	Other	41	3	11	511
8130776	1	1	Other	41	3	6	12
8130776	1	2	Home	11	3	7	144
8130776	1	3	Other	41	3	38	113
8130776	1	4	Other	41	3	40	583
8131025	1	1	Other	41	3	4	2
8131025	1	2	Other	41	3	5	105
8131025	1	3	Other	41	3	4	4
8131025	1	4	Home	11	3	3	79
8131025	1	5	Other	41	3	21	387
8131025	1	6	Other	41	3	9	7
8131025	1	7	Home	11	3	18	277
8131025	2	1	Other	42	3	19	337
8131025	2	2	Other	42	3	4	8
8131025	2	3	Home	12	3	4	134
8131025	2	4	Other	42	3	3	0
8131025	2	5	Other	42	3	7	2
8131025	2	6	Home	12	3	6	373
8131461	2	1	Home	12	1	4	35
8131461	2	2	Other	42	1	1	425
8131461	2	3	Other	42	3	6	28
8131461	2	4	Home	12	3	0	629
8132385	2	1	Other	42	3	11	0
8132385	2	2	Other	42	3	3	1
8132385	2	3	Work	22	3	15	360
8132385	2	4	Other	42	3	7	2
8132385	2	5	Work	22	3	6	188
8132385	2	6	Work	22	3	3	5
8132385	2	7	Other	42	3	2	10
8132385	2	8	Other	42	1	0	17
8132385	2	9	Other	42	3	15	129
8132385	2	10	Home	12	3	6	142
8133042	1	1	Other	41	3	6	4
8133042	1	2	Other	41	1	6	2
8133042	1	3	Other	41	3	10	513
8133042	1	4	Other	41	3	8	0
8133042	1	5	Other	41	3	10	1
8133042	1	6	Other	41	1	0	13
8133042	1	7	Home	11	1	0	484
8133986	2	1	Other	42	3	6	0
8133986	2	2	Home	12	3	8	178
8133986	2	3	Other	42	3	14	8
8133986	2	4	Other	42	3	5	38
8133986	2	5	Home	12	3	9	434
8133986	2	6	Work	22	3	13	77
8133986	2	7	Other	42	3	4	0
8133986	2	8	Home	12	3	9	90
8134543	1	1	Other	41	3	8	0
8134543	1	2	Other	41	3	6	371
8134543	1	3	Other	41	3	9	0
8134543	1	4	Other	41	3	12	517
8135478	1	1	Other	41	3	3	39
8135478	1	2	Home	11	3	3	286
8135478	2	1	Other	42	3	9	33
8135478	2	2	Other	42	3	15	8
8135478	2	3	Other	42	3	1	41
8135478	2	4	Home	12	3	10	20
8135478	2	5	Other	42	3	8	7
8135478	2	6	Home	12	3	7	179
8135478	2	7	Other	42	3	4	0
8135478	2	8	Other	42	3	11	109
8135478	2	9	Other	42	3	8	8
8135478	2	10	Home	12	3	4	97
8135478	2	11	Other	42	3	5	325
8135762	1	1	Home	11	3	1	412
8136152	2	1	Work	22	3	2	547
8136152	2	2	Home	12	3	13	406
8136685	2	1	Work	22	3	21	392
8136685	2	2	Other	42	3	3	5
8136685	2	3	Work	22	3	8	560
8136952	1	1	Other	41	3	7	5
8136952	1	2	Work	21	3	16	523
8136952	1	3	Other	41	3	26	9
8136952	1	4	Other	41	3	12	439
8136952	2	1	Other	42	3	6	5
8136952	2	2	Work	22	3	18	2
8136952	2	3	Work	22	3	4	218
8136952	2	4	Work	22	3	4	213
8136952	2	5	Other	42	3	20	95
8136952	2	6	Other	42	3	12	6
8136952	2	7	Other	42	3	8	11
8136952	2	8	Other	42	3	4	410
8137722	2	1	Other	42	3	15	17
8137722	2	2	Home	12	1	0	331
8137761	2	1	Other	42	3	42	1083
8138093	1	1	Other	41	3	6	3
8138093	1	2	Other	41	3	17	992
8138093	2	1	Other	42	3	0	127
8138093	2	2	Other	42	1	1	4
8138093	2	3	Other	42	1	0	36
8138093	2	4	Other	42	1	0	90
8138093	2	5	Other	42	1	0	4
8138093	2	6	Other	42	1	0	23
8138093	2	7	Home	12	1	0	303
8138118	2	1	Other	42	3	15	186
8138118	2	2	Other	42	3	7	2
8138118	2	3	Home	12	3	6	195
8139752	1	1	Other	41	3	10	1
8139752	1	2	Other	41	3	12	2
8139752	1	3	Other	41	3	4	1
8139752	1	4	Home	11	3	2	146
8139752	1	5	Other	41	3	15	23
8139752	1	6	Other	41	3	2	0
8139752	1	7	Other	41	3	12	105
8139752	1	8	Home	11	3	12	2083
8139752	1	9	Other	41	3	15	12
8139752	1	10	Home	11	3	3	14506
8139752	1	11	Home	11	1	0	838
8139752	2	1	Home	12	1	8	1467
8139752	2	2	Other	42	3	11	473
8139752	2	3	Home	12	3	17	719
8139752	2	4	Other	42	3	19	88
8139752	2	5	Home	12	3	18	14455
8139752	2	6	Home	12	1	0	635
8140798	1	1	Other	41	3	11	921
8141647	1	1	Other	41	3	21	994
8141647	2	1	Other	42	3	6	19
8141647	2	2	Other	42	3	4	836
8142136	2	1	Other	42	3	15	1026
8143003	1	1	Home	11	1	19	1532
8143003	1	2	Work	21	3	22	555
8143589	1	1	Other	41	3	15	6
8143589	1	2	Work	21	1	0	976
8144494	2	1	Other	42	2	15	352
8144494	2	2	Other	42	2	7	4
8144494	2	3	Other	42	1	0	4
8144494	2	4	Work	22	2	2	3
8144494	2	5	Work	22	1	2	3
8144494	2	6	Work	22	1	2	6
8144494	2	7	Work	22	1	6	5
8144494	2	8	Work	22	1	0	187
8144494	2	9	Other	42	2	6	0
8144494	2	10	Other	42	2	32	403
8144541	2	1	Other	42	1	4	0
8144541	2	2	Other	42	1	6	5
8144541	2	3	Other	42	1	3	0
8144541	2	4	Other	42	1	4	3
8144541	2	5	Other	42	1	14	657
8144762	1	1	Other	41	3	3	4
8144762	1	2	Other	41	3	15	602
8144762	1	3	Other	41	3	7	5
8144762	1	4	Other	41	3	15	12
8144762	1	5	Other	41	3	6	93
8144762	1	6	Other	41	3	4	6
8144762	1	7	Home	11	3	3	286
8144842	1	1	Other	41	3	5	2
8144842	1	2	Home	11	3	9	316
8166262	1	1	Other	41	3	7	3
8166262	1	2	Other	41	5	28	0
8166262	1	3	Work	21	1	5	842
8166262	1	4	Other	41	1	4	6
8166262	1	5	Other	41	5	33	3
8166262	1	6	Home	11	3	8	90
8166276	1	1	Home	11	1	0	117
8166276	1	2	Work	21	1	0	570
8166276	1	3	Work	21	1	1	54
8166276	1	4	Other	41	1	0	185
8166276	1	5	Other	41	3	15	13
8166276	1	6	Home	11	3	0	178
8166280	1	1	Other	41	3	1	32
8166280	1	2	Other	41	3	2	25
8166280	1	3	Home	11	3	5	248
8166291	2	1	Other	42	3	74	205
8166291	2	2	Other	42	3	7	3
8166291	2	3	Other	42	1	0	5
8166291	2	4	Other	42	1	0	29
8166291	2	5	Other	42	3	4	8
8166291	2	6	Other	42	3	1	5
8166291	2	7	Other	42	3	4	2
8166291	2	8	Work	22	1	0	177
8166291	2	9	Other	42	1	2	5
8166291	2	10	Other	42	1	0	5
8166291	2	11	Other	42	1	0	19
8166291	2	12	Other	42	1	0	9
8166291	2	13	Other	42	1	0	14
8166291	2	14	Other	42	1	4	16
8166291	2	15	Home	12	1	1	398
8166295	1	1	Other	41	3	6	0
8166295	1	2	Work	21	3	22	562
8166295	1	3	Other	41	3	15	35
8166295	1	4	Other	41	3	4	8
8166295	1	5	Other	41	3	8	32
8166295	1	6	Other	41	3	7	6
8166295	1	7	Home	11	3	6	281
8166304	2	1	Other	42	3	7	0
8166304	2	2	Other	42	3	40	0
8166304	2	3	Other	42	3	7	199
8166304	2	4	Other	42	3	7	8
8166304	2	5	Other	42	3	15	269
8166304	2	6	Other	42	3	39	15
8166304	2	7	Home	12	3	8	373
8166330	2	1	Other	42	3	22	337
8166330	2	2	Other	42	1	10	85
8166330	2	3	Other	42	3	3	3
8166330	2	4	Home	12	3	20	182
8166330	2	5	Other	42	3	8	12
8166330	2	6	Other	42	3	2	177
8166330	2	7	Home	12	3	8	116
8166354	3	1	Home	13	1	42	359
8166358	1	1	Other	41	3	3	0
8166358	1	2	Other	41	3	21	0
8166358	1	3	Other	41	1	15	0
8166358	1	4	Work	21	5	29	602
8166358	1	5	Other	41	1	2	0
8166358	1	6	Other	41	5	25	0
8166358	1	7	Other	41	1	5	0
8166358	1	8	Home	11	3	20	271
8166358	2	1	Home	12	3	23	0
8166358	2	2	Other	42	3	18	0
8166358	2	3	Other	42	3	11	61
8166358	2	4	Home	12	3	16	407
8166365	1	1	Other	41	3	4	9
8166365	1	2	Work	21	3	24	1066
8166455	1	1	Work	21	1	0	1
8166455	1	2	Other	41	1	8	49
8166455	1	3	Work	21	1	3	245
8166455	1	4	Other	41	3	15	0
8166455	1	5	Other	41	3	15	41
8166455	1	6	Other	41	3	13	54
8166455	1	7	Other	41	3	13	56
8166455	1	8	Other	41	3	5	0
8166455	1	9	Other	41	3	25	34
8166455	1	10	Other	41	3	16	0
8166455	1	11	Home	11	3	10	118
8166455	2	1	Other	42	3	10	8
8166455	2	2	Other	42	3	13	12
8166455	2	3	Work	22	3	5	243
8166455	2	4	Other	42	3	16	0
8166455	2	5	Home	12	3	9	118
8166468	1	1	Other	41	3	27	12
8166468	1	2	Other	41	3	11	56
8166468	1	3	Other	41	3	14	65
8166468	1	4	Other	41	3	27	3
8166468	1	5	Other	41	1	4	4
8166468	1	6	Home	11	3	11	593
8166527	1	1	Home	11	1	4	86
8166527	1	2	Other	41	1	0	1
8166527	1	3	Other	41	1	0	64
8166527	1	4	Other	41	1	0	0
8166527	1	5	Home	11	3	12	2
8166527	1	6	Home	11	1	0	12
8166527	1	7	Home	11	1	2	15
8166527	1	8	Home	11	1	0	12
8166527	1	9	Home	11	1	0	3
8166527	1	10	Home	11	1	0	15
8166527	1	11	Home	11	1	0	11
8166527	1	12	Home	11	1	0	3
8166527	1	13	Home	11	1	0	15
8166527	1	14	Home	11	1	0	15
8166527	1	15	Home	11	1	0	14
8166527	1	16	Home	11	1	0	15
8166527	1	17	Home	11	1	0	15
8166527	1	18	Home	11	1	1	3
8166527	1	19	Other	41	3	0	277
8166549	1	1	Other	41	3	12	2
8166549	1	2	Other	41	3	1	0
8166549	1	3	Other	41	3	6	29
8166549	1	4	Other	41	3	9	13
8166549	1	5	Home	11	3	12	74
8166549	1	6	Other	41	3	12	18
8166549	1	7	Home	11	3	15	632
8166557	1	1	Other	41	5	17	0
8166557	1	2	Other	41	1	0	0
8166557	1	3	Other	41	5	11	0
8166557	1	4	Other	41	1	1	1
8166557	1	5	Work	21	1	4	639
8166557	1	6	Other	41	1	4	0
8166557	1	7	Other	41	5	28	14
8166557	1	8	Home	11	3	8	237
8166557	2	1	Other	42	3	15	86
8166557	2	2	Other	42	3	21	5
8166557	2	3	Home	12	3	10	208
8166557	2	4	Other	42	3	75	0
8166557	2	5	Other	42	3	10	3
8166557	2	6	Home	12	3	8	359
8166576	1	1	Home	11	3	5	6
8166576	1	2	Other	41	3	30	1
8166576	1	3	Other	41	3	9	200
8166576	1	4	Other	41	1	0	9
8166576	1	5	Other	41	3	12	149
8166576	1	6	Home	11	3	20	5
8166576	1	7	Other	41	3	4	38
8166576	1	8	Other	41	3	4	1
8166576	1	9	Other	41	3	8	219
8166576	2	1	Other	42	3	28	0
8166576	2	2	Other	42	3	15	886
8166605	1	1	Home	11	1	4	12
8166605	1	2	Other	41	3	28	217
8166605	1	3	Other	41	3	5	39
8166605	1	4	Other	41	3	6	281
8166605	1	5	Other	41	3	15	15
8166605	1	6	Home	11	1	1	378
8166605	2	1	Other	42	3	23	1
8166605	2	2	Other	42	3	33	488
8166605	2	3	Home	12	3	34	352
8166681	1	1	Other	41	5	24	556
8166681	1	2	Other	41	5	12	2
8166681	1	3	Other	41	1	1	142
8166681	1	4	Home	11	3	17	237
8166681	2	1	Other	42	1	18	2
8166681	2	2	Other	42	1	4	0
8166681	2	3	Other	42	1	3	0
8166681	2	4	Other	42	1	29	0
8166681	2	5	Home	12	3	31	236
8166696	2	1	Other	42	3	15	5
8166696	2	2	Work	22	1	0	212
8166696	2	3	Other	42	1	7	0
8166696	2	4	Other	42	1	24	4
8166696	2	5	Work	22	1	7	266
8166696	2	6	Home	12	3	25	345
8166715	1	1	Home	11	1	2	6
8166715	1	2	Work	21	3	4	528
8166715	1	3	Work	21	1	0	4
8166715	1	4	Other	41	3	5	35
8166715	1	5	Other	41	1	11	2
8166715	1	6	Home	11	1	0	414
8166719	1	1	Other	41	3	22	0
8166719	1	2	Work	21	3	15	290
8166719	1	3	Work	21	1	1	57
8166719	1	4	Work	21	1	1	177
8166719	1	5	Work	21	1	1	4
8166719	1	6	Home	11	3	39	427
8166720	1	1	Other	41	3	12	8
8166720	1	2	Work	21	3	28	29
8166720	1	3	Other	41	3	4	42
8166720	1	4	Work	21	3	8	32
8166720	1	5	Other	41	3	3	4
8166720	1	6	Work	21	3	4	894
8166757	2	1	Other	42	3	17	3
8166757	2	2	Work	22	3	26	610
8166757	2	3	Other	42	3	17	2
8166757	2	4	Home	12	3	6	127
8166786	1	1	Home	11	1	1	771
8166795	1	1	Work	21	3	24	553
8166795	1	2	Other	41	3	16	71
8166795	1	3	Other	41	3	10	1
8166795	1	4	Other	41	5	17	1
8166795	1	5	Home	11	3	5	298
8166801	2	1	Other	42	3	5	32
8166801	2	2	Other	42	3	9	1
8166801	2	3	Other	42	3	17	3
8166801	2	4	Other	42	3	7	9
8166801	2	5	Home	12	3	4	456
8166802	1	1	Other	41	3	17	157
8166802	1	2	Other	41	3	4	199
8166819	1	1	Other	41	3	4	0
8166819	1	2	Other	41	5	31	0
8166819	1	3	Work	21	3	9	4
8166819	1	4	Work	21	1	1	5
8166819	1	5	Work	21	1	2	71
8166819	1	6	Other	41	3	8	5
8166819	1	7	Other	41	5	28	0
8166819	1	8	Other	41	3	5	1
8166819	1	9	Other	41	3	8	1
8166819	1	10	Home	11	3	10	272
8166819	1	11	Other	41	3	3	5
8166819	1	12	Home	11	3	5	365
8166819	2	1	Other	42	3	44	1
8166819	2	2	Other	42	3	1	1019
8166834	1	1	Other	41	3	14	6
8166834	1	2	Other	41	5	27	1
8166834	1	3	Work	21	1	3	267
8166834	1	4	Other	41	1	4	12
8166834	1	5	Work	21	1	3	226
8166834	1	6	Other	41	1	3	3
8166834	1	7	Other	41	1	4	0
8166834	1	8	Other	41	5	41	2
8166834	1	9	Other	41	3	12	168
8166834	1	10	Home	11	3	11	170
8166834	2	1	Other	42	3	11	5
8166834	2	2	Work	22	3	23	194
8166834	2	3	Other	42	3	30	118
8166834	2	4	Home	12	3	28	82
8166834	2	5	Other	42	3	15	100
8166834	2	6	Home	12	3	16	355
